colvarsTrajFrequency    1

colvar {
  name distz

  width 0.1

  distanceZ {
     main {
     atomNumbers { 1 2 3
 }
     }
     ref {
     atomNumbers {6727 6728 6731 6735 6739 6743 6746 6747 6748 6749 6750 6751 6754 6756 6757 6758 6759 6762 6765 6766 6767 6768 6771 6774 6777 6780 6783 6786 6789 6791 6793 6796 6799 6802 6805 6808 6811 6814 6818 6821 6824 6827 6830 6833 6836 6839 6842 6845 6848 6851 6854 6857 6861 6862 6865 6869 6873 6877 6880 6881 6882 6883 6884 6885 6888 6890 6891 6892 6893 6896 6899 6900 6901 6902 6905 6908 6911 6914 6917 6920 6923 6925 6927 6930 6933 6936 6939 6942 6945 6948 6952 6955 6958 6961 6964 6967 6970 6973 6976 6979 6982 6985 6988 6991 6995 6996 6999 7003 7007 7011 7014 7015 7016 7017 7018 7019 7022 7024 7025 7026 7027 7030 7033 7034 7035 7036 7039 7042 7045 7048 7051 7054 7057 7059 7061 7064 7067 7070 7073 7076 7079 7082 7086 7089 7092 7095 7098 7101 7104 7107 7110 7113 7116 7119 7122 7125 7129 7130 7133 7137 7141 7145 7148 7149 7150 7151 7152 7153 7156 7158 7159 7160 7161 7164 7167 7168 7169 7170 7173 7176 7179 7182 7185 7188 7191 7193 7195 7198 7201 7204 7207 7210 7213 7216 7220 7223 7226 7229 7232 7235 7238 7241 7244 7247 7250 7253 7256 7259 7263 7264 7267 7271 7275 7279 7282 7283 7284 7285 7286 7287 7290 7292 7293 7294 7295 7298 7301 7302 7303 7304 7307 7310 7313 7316 7319 7322 7325 7327 7329 7332 7335 7338 7341 7344 7347 7350 7354 7357 7360 7363 7366 7369 7372 7375 7378 7381 7384 7387 7390 7393 7397 7398 7401 7405 7409 7413 7416 7417 7418 7419 7420 7421 7424 7426 7427 7428 7429 7432 7435 7436 7437 7438 7441 7444 7447 7450 7453 7456 7459 7461 7463 7466 7469 7472 7475 7478 7481 7484 7488 7491 7494 7497 7500 7503 7506 7509 7512 7515 7518 7521 7524 7527 7531 7532 7535 7539 7543 7547 7550 7551 7552 7553 7554 7555 7558 7560 7561 7562 7563 7566 7569 7570 7571 7572 7575 7578 7581 7584 7587 7590 7593 7595 7597 7600 7603 7606 7609 7612 7615 7618 7622 7625 7628 7631 7634 7637 7640 7643 7646 7649 7652 7655 7658 7661 7665 7666 7669 7673 7677 7681 7684 7685 7686 7687 7688 7689 7692 7694 7695 7696 7697 7700 7703 7704 7705 7706 7709 7712 7715 7718 7721 7724 7727 7729 7731 7734 7737 7740 7743 7746 7749 7752 7756 7759 7762 7765 7768 7771 7774 7777 7780 7783 7786 7789 7792 7795 7799 7800 7803 7807 7811 7815 7818 7819 7820 7821 7822 7823 7826 7828 7829 7830 7831 7834 7837 7838 7839 7840 7843 7846 7849 7852 7855 7858 7861 7863 7865 7868 7871 7874 7877 7880 7883 7886 7890 7893 7896 7899 7902 7905 7908 7911 7914 7917 7920 7923 7926 7929 7933 7934 7937 7941 7945 7949 7952 7953 7954 7955 7956 7957 7960 7962 7963 7964 7965 7968 7971 7972 7973 7974 7977 7980 7983 7986 7989 7992 7995 7997 7999 8002 8005 8008 8011 8014 8017 8020 8024 8027 8030 8033 8036 8039 8042 8045 8048 8051 8054 8057 8060 8063 8067 8068 8071 8075 8079 8083 8086 8087 8088 8089 8090 8091 8094 8096 8097 8098 8099 8102 8105 8106 8107 8108 8111 8114 8117 8120 8123 8126 8129 8131 8133 8136 8139 8142 8145 8148 8151 8154 8158 8161 8164 8167 8170 8173 8176 8179 8182 8185 8188 8191 8194 8197 8201 8202 8205 8209 8213 8217 8220 8221 8222 8223 8224 8225 8228 8230 8231 8232 8233 8236 8239 8240 8241 8242 8245 8248 8251 8254 8257 8260 8263 8265 8267 8270 8273 8276 8279 8282 8285 8288 8292 8295 8298 8301 8304 8307 8310 8313 8316 8319 8322 8325 8328 8331 8335 8336 8339 8343 8347 8351 8354 8355 8356 8357 8358 8359 8362 8364 8365 8366 8367 8370 8373 8374 8375 8376 8379 8382 8385 8388 8391 8394 8397 8399 8401 8404 8407 8410 8413 8416 8419 8422 8426 8429 8432 8435 8438 8441 8444 8447 8450 8453 8456 8459 8462 8465 8469 8470 8473 8477 8481 8485 8488 8489 8490 8491 8492 8493 8496 8498 8499 8500 8501 8504 8507 8508 8509 8510 8513 8516 8519 8522 8525 8528 8531 8533 8535 8538 8541 8544 8547 8550 8553 8556 8560 8563 8566 8569 8572 8575 8578 8581 8584 8587 8590 8593 8596 8599 8603 8604 8607 8611 8615 8619 8622 8623 8624 8625 8626 8627 8630 8632 8633 8634 8635 8638 8641 8642 8643 8644 8647 8650 8653 8656 8659 8662 8665 8667 8669 8672 8675 8678 8681 8684 8687 8690 8694 8697 8700 8703 8706 8709 8712 8715 8718 8721 8724 8727 8730 8733 8737 8738 8741 8745 8749 8753 8756 8757 8758 8759 8760 8761 8764 8766 8767 8768 8769 8772 8775 8776 8777 8778 8781 8784 8787 8790 8793 8796 8799 8801 8803 8806 8809 8812 8815 8818 8821 8824 8828 8831 8834 8837 8840 8843 8846 8849 8852 8855 8858 8861 8864 8867 8871 8872 8875 8879 8883 8887 8890 8891 8892 8893 8894 8895 8898 8900 8901 8902 8903 8906 8909 8910 8911 8912 8915 8918 8921 8924 8927 8930 8933 8935 8937 8940 8943 8946 8949 8952 8955 8958 8962 8965 8968 8971 8974 8977 8980 8983 8986 8989 8992 8995 8998 9001 9005 9006 9009 9013 9017 9021 9024 9025 9026 9027 9028 9029 9032 9034 9035 9036 9037 9040 9043 9044 9045 9046 9049 9052 9055 9058 9061 9064 9067 9069 9071 9074 9077 9080 9083 9086 9089 9092 9096 9099 9102 9105 9108 9111 9114 9117 9120 9123 9126 9129 9132 9135 9139 9140 9143 9147 9151 9155 9158 9159 9160 9161 9162 9163 9166 9168 9169 9170 9171 9174 9177 9178 9179 9180 9183 9186 9189 9192 9195 9198 9201 9203 9205 9208 9211 9214 9217 9220 9223 9226 9230 9233 9236 9239 9242 9245 9248 9251 9254 9257 9260 9263 9266 9269 9273 9274 9277 9281 9285 9289 9292 9293 9294 9295 9296 9297 9300 9302 9303 9304 9305 9308 9311 9312 9313 9314 9317 9320 9323 9326 9329 9332 9335 9337 9339 9342 9345 9348 9351 9354 9357 9360 9364 9367 9370 9373 9376 9379 9382 9385 9388 9391 9394 9397 9400 9403 9407 9408 9411 9415 9419 9423 9426 9427 9428 9429 9430 9431 9434 9436 9437 9438 9439 9442 9445 9446 9447 9448 9451 9454 9457 9460 9463 9466 9469 9471 9473 9476 9479 9482 9485 9488 9491 9494 9498 9501 9504 9507 9510 9513 9516 9519 9522 9525 9528 9531 9534 9537 9541 9542 9545 9549 9553 9557 9560 9561 9562 9563 9564 9565 9568 9570 9571 9572 9573 9576 9579 9580 9581 9582 9585 9588 9591 9594 9597 9600 9603 9605 9607 9610 9613 9616 9619 9622 9625 9628 9632 9635 9638 9641 9644 9647 9650 9653 9656 9659 9662 9665 9668 9671 9675 9676 9679 9683 9687 9691 9694 9695 9696 9697 9698 9699 9702 9704 9705 9706 9707 9710 9713 9714 9715 9716 9719 9722 9725 9728 9731 9734 9737 9739 9741 9744 9747 9750 9753 9756 9759 9762 9766 9769 9772 9775 9778 9781 9784 9787 9790 9793 9796 9799 9802 9805 9809 9810 9813 9817 9821 9825 9828 9829 9830 9831 9832 9833 9836 9838 9839 9840 9841 9844 9847 9848 9849 9850 9853 9856 9859 9862 9865 9868 9871 9873 9875 9878 9881 9884 9887 9890 9893 9896 9900 9903 9906 9909 9912 9915 9918 9921 9924 9927 9930 9933 9936 9939 9943 9944 9947 9951 9955 9959 9962 9963 9964 9965 9966 9967 9970 9972 9973 9974 9975 9978 9981 9982 9983 9984 9987 9990 9993 9996 9999 10002 10005 10007 10009 10012 10015 10018 10021 10024 10027 10030 10034 10037 10040 10043 10046 10049 10052 10055 10058 10061 10064 10067 10070 10073 10077 10078 10081 10085 10089 10093 10096 10097 10098 10099 10100 10101 10104 10106 10107 10108 10109 10112 10115 10116 10117 10118 10121 10124 10127 10130 10133 10136 10139 10141 10143 10146 10149 10152 10155 10158 10161 10164 10168 10171 10174 10177 10180 10183 10186 10189 10192 10195 10198 10201 10204 10207 10211 10212 10215 10219 10223 10227 10230 10231 10232 10233 10234 10235 10238 10240 10241 10242 10243 10246 10249 10250 10251 10252 10255 10258 10261 10264 10267 10270 10273 10275 10277 10280 10283 10286 10289 10292 10295 10298 10302 10305 10308 10311 10314 10317 10320 10323 10326 10329 10332 10335 10338 10341 10345 10346 10349 10353 10357 10361 10364 10365 10366 10367 10368 10369 10372 10374 10375 10376 10377 10380 10383 10384 10385 10386 10389 10392 10395 10398 10401 10404 10407 10409 10411 10414 10417 10420 10423 10426 10429 10432 10436 10439 10442 10445 10448 10451 10454 10457 10460 10463 10466 10469 10472 10475 10479 10480 10483 10487 10491 10495 10498 10499 10500 10501 10502 10503 10506 10508 10509 10510 10511 10514 10517 10518 10519 10520 10523 10526 10529 10532 10535 10538 10541 10543 10545 10548 10551 10554 10557 10560 10563 10566 10570 10573 10576 10579 10582 10585 10588 10591 10594 10597 10600 10603 10606 10609 10613 10614 10617 10621 10625 10629 10632 10633 10634 10635 10636 10637 10640 10642 10643 10644 10645 10648 10651 10652 10653 10654 10657 10660 10663 10666 10669 10672 10675 10677 10679 10682 10685 10688 10691 10694 10697 10700 10704 10707 10710 10713 10716 10719 10722 10725 10728 10731 10734 10737 10740 10743 10747 10748 10751 10755 10759 10763 10766 10767 10768 10769 10770 10771 10774 10776 10777 10778 10779 10782 10785 10786 10787 10788 10791 10794 10797 10800 10803 10806 10809 10811 10813 10816 10819 10822 10825 10828 10831 10834 10838 10841 10844 10847 10850 10853 10856 10859 10862 10865 10868 10871 10874 10877 10881 10882 10885 10889 10893 10897 10900 10901 10902 10903 10904 10905 10908 10910 10911 10912 10913 10916 10919 10920 10921 10922 10925 10928 10931 10934 10937 10940 10943 10945 10947 10950 10953 10956 10959 10962 10965 10968 10972 10975 10978 10981 10984 10987 10990 10993 10996 10999 11002 11005 11008 11011 11015 11016 11019 11023 11027 11031 11034 11035 11036 11037 11038 11039 11042 11044 11045 11046 11047 11050 11053 11054 11055 11056 11059 11062 11065 11068 11071 11074 11077 11079 11081 11084 11087 11090 11093 11096 11099 11102 11106 11109 11112 11115 11118 11121 11124 11127 11130 11133 11136 11139 11142 11145 11149 11150 11153 11157 11161 11165 11168 11169 11170 11171 11172 11173 11176 11178 11179 11180 11181 11184 11187 11188 11189 11190 11193 11196 11199 11202 11205 11208 11211 11213 11215 11218 11221 11224 11227 11230 11233 11236 11240 11243 11246 11249 11252 11255 11258 11261 11264 11267 11270 11273 11276 11279 11283 11284 11287 11291 11295 11299 11302 11303 11304 11305 11306 11307 11310 11312 11313 11314 11315 11318 11321 11322 11323 11324 11327 11330 11333 11336 11339 11342 11345 11347 11349 11352 11355 11358 11361 11364 11367 11370 11374 11377 11380 11383 11386 11389 11392 11395 11398 11401 11404 11407 11410 11413 11417 11418 11421 11425 11429 11433 11436 11437 11438 11439 11440 11441 11444 11446 11447 11448 11449 11452 11455 11456 11457 11458 11461 11464 11467 11470 11473 11476 11479 11481 11483 11486 11489 11492 11495 11498 11501 11504 11508 11511 11514 11517 11520 11523 11526 11529 11532 11535 11538 11541 11544 11547 11551 11552 11555 11559 11563 11567 11570 11571 11572 11573 11574 11575 11578 11580 11581 11582 11583 11586 11589 11590 11591 11592 11595 11598 11601 11604 11607 11610 11613 11615 11617 11620 11623 11626 11629 11632 11635 11638 11642 11645 11648 11651 11654 11657 11660 11663 11666 11669 11672 11675 11678 11681 11685 11686 11689 11693 11697 11701 11704 11705 11706 11707 11708 11709 11712 11714 11715 11716 11717 11720 11723 11724 11725 11726 11729 11732 11735 11738 11741 11744 11747 11749 11751 11754 11757 11760 11763 11766 11769 11772 11776 11779 11782 11785 11788 11791 11794 11797 11800 11803 11806 11809 11812 11815 11819 11820 11823 11827 11831 11835 11838 11839 11840 11841 11842 11843 11846 11848 11849 11850 11851 11854 11857 11858 11859 11860 11863 11866 11869 11872 11875 11878 11881 11883 11885 11888 11891 11894 11897 11900 11903 11906 11910 11913 11916 11919 11922 11925 11928 11931 11934 11937 11940 11943 11946 11949 11953 11954 11957 11961 11965 11969 11972 11973 11974 11975 11976 11977 11980 11982 11983 11984 11985 11988 11991 11992 11993 11994 11997 12000 12003 12006 12009 12012 12015 12017 12019 12022 12025 12028 12031 12034 12037 12040 12044 12047 12050 12053 12056 12059 12062 12065 12068 12071 12074 12077 12080 12083 12087 12088 12091 12095 12099 12103 12106 12107 12108 12109 12110 12111 12114 12116 12117 12118 12119 12122 12125 12126 12127 12128 12131 12134 12137 12140 12143 12146 12149 12151 12153 12156 12159 12162 12165 12168 12171 12174 12178 12181 12184 12187 12190 12193 12196 12199 12202 12205 12208 12211 12214 12217 12221 12222 12225 12229 12233 12237 12240 12241 12242 12243 12244 12245 12248 12250 12251 12252 12253 12256 12259 12260 12261 12262 12265 12268 12271 12274 12277 12280 12283 12285 12287 12290 12293 12296 12299 12302 12305 12308 12312 12315 12318 12321 12324 12327 12330 12333 12336 12339 12342 12345 12348 12351 12355 12356 12359 12363 12367 12371 12374 12375 12376 12377 12378 12379 12382 12384 12385 12386 12387 12390 12393 12394 12395 12396 12399 12402 12405 12408 12411 12414 12417 12419 12421 12424 12427 12430 12433 12436 12439 12442 12446 12449 12452 12455 12458 12461 12464 12467 12470 12473 12476 12479 12482 12485 12489 12490 12493 12497 12501 12505 12508 12509 12510 12511 12512 12513 12516 12518 12519 12520 12521 12524 12527 12528 12529 12530 12533 12536 12539 12542 12545 12548 12551 12553 12555 12558 12561 12564 12567 12570 12573 12576 12580 12583 12586 12589 12592 12595 12598 12601 12604 12607 12610 12613 12616 12619 12623 12624 12627 12631 12635 12639 12642 12643 12644 12645 12646 12647 12650 12652 12653 12654 12655 12658 12661 12662 12663 12664 12667 12670 12673 12676 12679 12682 12685 12687 12689 12692 12695 12698 12701 12704 12707 12710 12714 12717 12720 12723 12726 12729 12732 12735 12738 12741 12744 12747 12750 12753 12757 12758 12761 12765 12769 12773 12776 12777 12778 12779 12780 12781 12784 12786 12787 12788 12789 12792 12795 12796 12797 12798 12801 12804 12807 12810 12813 12816 12819 12821 12823 12826 12829 12832 12835 12838 12841 12844 12848 12851 12854 12857 12860 12863 12866 12869 12872 12875 12878 12881 12884 12887 12891 12892 12895 12899 12903 12907 12910 12911 12912 12913 12914 12915 12918 12920 12921 12922 12923 12926 12929 12930 12931 12932 12935 12938 12941 12944 12947 12950 12953 12955 12957 12960 12963 12966 12969 12972 12975 12978 12982 12985 12988 12991 12994 12997 13000 13003 13006 13009 13012 13015 13018 13021 13025 13026 13029 13033 13037 13041 13044 13045 13046 13047 13048 13049 13052 13054 13055 13056 13057 13060 13063 13064 13065 13066 13069 13072 13075 13078 13081 13084 13087 13089 13091 13094 13097 13100 13103 13106 13109 13112 13116 13119 13122 13125 13128 13131 13134 13137 13140 13143 13146 13149 13152 13155 13159 13160 13163 13167 13171 13175 13178 13179 13180 13181 13182 13183 13186 13188 13189 13190 13191 13194 13197 13198 13199 13200 13203 13206 13209 13212 13215 13218 13221 13223 13225 13228 13231 13234 13237 13240 13243 13246 13250 13253 13256 13259 13262 13265 13268 13271 13274 13277 13280 13283 13286 13289 13293 13294 13297 13301 13305 13309 13312 13313 13314 13315 13316 13317 13320 13322 13323 13324 13325 13328 13331 13332 13333 13334 13337 13340 13343 13346 13349 13352 13355 13357 13359 13362 13365 13368 13371 13374 13377 13380 13384 13387 13390 13393 13396 13399 13402 13405 13408 13411 13414 13417 13420 13423 13427 13428 13431 13435 13439 13443 13446 13447 13448 13449 13450 13451 13454 13456 13457 13458 13459 13462 13465 13466 13467 13468 13471 13474 13477 13480 13483 13486 13489 13491 13493 13496 13499 13502 13505 13508 13511 13514 13518 13521 13524 13527 13530 13533 13536 13539 13542 13545 13548 13551 13554 13557 13561 13562 13565 13569 13573 13577 13580 13581 13582 13583 13584 13585 13588 13590 13591 13592 13593 13596 13599 13600 13601 13602 13605 13608 13611 13614 13617 13620 13623 13625 13627 13630 13633 13636 13639 13642 13645 13648 13652 13655 13658 13661 13664 13667 13670 13673 13676 13679 13682 13685 13688 13691 13695 13696 13699 13703 13707 13711 13714 13715 13716 13717 13718 13719 13722 13724 13725 13726 13727 13730 13733 13734 13735 13736 13739 13742 13745 13748 13751 13754 13757 13759 13761 13764 13767 13770 13773 13776 13779 13782 13786 13789 13792 13795 13798 13801 13804 13807 13810 13813 13816 13819 13822 13825 13829 13830 13833 13837 13841 13845 13848 13849 13850 13851 13852 13853 13856 13858 13859 13860 13861 13864 13867 13868 13869 13870 13873 13876 13879 13882 13885 13888 13891 13893 13895 13898 13901 13904 13907 13910 13913 13916 13920 13923 13926 13929 13932 13935 13938 13941 13944 13947 13950 13953 13956 13959 13963 13964 13967 13971 13975 13979 13982 13983 13984 13985 13986 13987 13990 13992 13993 13994 13995 13998 14001 14002 14003 14004 14007 14010 14013 14016 14019 14022 14025 14027 14029 14032 14035 14038 14041 14044 14047 14050 14054 14057 14060 14063 14066 14069 14072 14075 14078 14081 14084 14087 14090 14093 14097 14098 14101 14105 14109 14113 14116 14117 14118 14119 14120 14121 14124 14126 14127 14128 14129 14132 14135 14136 14137 14138 14141 14144 14147 14150 14153 14156 14159 14161 14163 14166 14169 14172 14175 14178 14181 14184 14188 14191 14194 14197 14200 14203 14206 14209 14212 14215 14218 14221 14224 14227 14231 14232 14235 14239 14243 14247 14250 14251 14252 14253 14254 14255 14258 14260 14261 14262 14263 14266 14269 14270 14271 14272 14275 14278 14281 14284 14287 14290 14293 14295 14297 14300 14303 14306 14309 14312 14315 14318 14322 14325 14328 14331 14334 14337 14340 14343 14346 14349 14352 14355 14358 14361 14365 14366 14369 14373 14377 14381 14384 14385 14386 14387 14388 14389 14392 14394 14395 14396 14397 14400 14403 14404 14405 14406 14409 14412 14415 14418 14421 14424 14427 14429 14431 14434 14437 14440 14443 14446 14449 14452 14456 14459 14462 14465 14468 14471 14474 14477 14480 14483 14486 14489 14492 14495 14499 14500 14503 14507 14511 14515 14518 14519 14520 14521 14522 14523 14526 14528 14529 14530 14531 14534 14537 14538 14539 14540 14543 14546 14549 14552 14555 14558 14561 14563 14565 14568 14571 14574 14577 14580 14583 14586 14590 14593 14596 14599 14602 14605 14608 14611 14614 14617 14620 14623 14626 14629 14633 14634 14637 14641 14645 14649 14652 14653 14654 14655 14656 14657 14660 14662 14663 14664 14665 14668 14671 14672 14673 14674 14677 14680 14683 14686 14689 14692 14695 14697 14699 14702 14705 14708 14711 14714 14717 14720 14724 14727 14730 14733 14736 14739 14742 14745 14748 14751 14754 14757 14760 14763 14767 14768 14771 14775 14779 14783 14786 14787 14788 14789 14790 14791 14794 14796 14797 14798 14799 14802 14805 14806 14807 14808 14811 14814 14817 14820 14823 14826 14829 14831 14833 14836 14839 14842 14845 14848 14851 14854 14858 14861 14864 14867 14870 14873 14876 14879 14882 14885 14888 14891 14894 14897 14901 14902 14905 14909 14913 14917 14920 14921 14922 14923 14924 14925 14928 14930 14931 14932 14933 14936 14939 14940 14941 14942 14945 14948 14951 14954 14957 14960 14963 14965 14967 14970 14973 14976 14979 14982 14985 14988 14992 14995 14998 15001 15004 15007 15010 15013 15016 15019 15022 15025 15028 15031 15035 15036 15039 15043 15047 15051 15054 15055 15056 15057 15058 15059 15062 15064 15065 15066 15067 15070 15073 15074 15075 15076 15079 15082 15085 15088 15091 15094 15097 15099 15101 15104 15107 15110 15113 15116 15119 15122 15126 15129 15132 15135 15138 15141 15144 15147 15150 15153 15156 15159 15162 15165 15169 15170 15173 15177 15181 15185 15188 15189 15190 15191 15192 15193 15196 15198 15199 15200 15201 15204 15207 15208 15209 15210 15213 15216 15219 15222 15225 15228 15231 15233 15235 15238 15241 15244 15247 15250 15253 15256 15260 15263 15266 15269 15272 15275 15278 15281 15284 15287 15290 15293 15296 15299 15303 15304 15307 15311 15315 15319 15322 15323 15324 15325 15326 15327 15330 15332 15333 15334 15335 15338 15341 15342 15343 15344 15347 15350 15353 15356 15359 15362 15365 15367 15369 15372 15375 15378 15381 15384 15387 15390 15394 15397 15400 15403 15406 15409 15412 15415 15418 15421 15424 15427 15430 15433 15437 15438 15441 15445 15449 15453 15456 15457 15458 15459 15460 15461 15464 15466 15467 15468 15469 15472 15475 15476 15477 15478 15481 15484 15487 15490 15493 15496 15499 15501 15503 15506 15509 15512 15515 15518 15521 15524 15528 15531 15534 15537 15540 15543 15546 15549 15552 15555 15558 15561 15564 15567 15571 15572 15575 15579 15583 15587 15590 15591 15592 15593 15594 15595 15598 15600 15601 15602 15603 15606 15609 15610 15611 15612 15615 15618 15621 15624 15627 15630 15633 15635 15637 15640 15643 15646 15649 15652 15655 15658 15662 15665 15668 15671 15674 15677 15680 15683 15686 15689 15692 15695 15698 15701 15705 15706 15709 15713 15717 15721 15724 15725 15726 15727 15728 15729 15732 15734 15735 15736 15737 15740 15743 15744 15745 15746 15749 15752 15755 15758 15761 15764 15767 15769 15771 15774 15777 15780 15783 15786 15789 15792 15796 15799 15802 15805 15808 15811 15814 15817 15820 15823 15826 15829 15832 15835 15839 15840 15843 15847 15851 15855 15858 15859 15860 15861 15862 15863 15866 15868 15869 15870 15871 15874 15877 15878 15879 15880 15883 15886 15889 15892 15895 15898 15901 15903 15905 15908 15911 15914 15917 15920 15923 15926 15930 15933 15936 15939 15942 15945 15948 15951 15954 15957 15960 15963 15966 15969 15973 15974 15977 15981 15985 15989 15992 15993 15994 15995 15996 15997 16000 16002 16003 16004 16005 16008 16011 16012 16013 16014 16017 16020 16023 16026 16029 16032 16035 16037 16039 16042 16045 16048 16051 16054 16057 16060 16064 16067 16070 16073 16076 16079 16082 16085 16088 16091 16094 16097 16100 16103 16107 16108 16111 16115 16119 16123 16126 16127 16128 16129 16130 16131 16134 16136 16137 16138 16139 16142 16145 16146 16147 16148 16151 16154 16157 16160 16163 16166 16169 16171 16173 16176 16179 16182 16185 16188 16191 16194 16198 16201 16204 16207 16210 16213 16216 16219 16222 16225 16228 16231 16234 16237 16241 16242 16245 16249 16253 16257 16260 16261 16262 16263 16264 16265 16268 16270 16271 16272 16273 16276 16279 16280 16281 16282 16285 16288 16291 16294 16297 16300 16303 16305 16307 16310 16313 16316 16319 16322 16325 16328 16332 16335 16338 16341 16344 16347 16350 16353 16356 16359 16362 16365 16368 16371 }
 
    }
 }
 upperboundary 38.0
 lowerboundary -38.0
}

harmonicWalls {
  name mywalls
  colvars distz
  lowerWalls -38.0
  upperWalls 38.0
  lowerWallConstant 5.0
  upperWallConstant 5.0
}


abf {
  name     popc_water_abf # Run name
  colvars  distz # List the name of the CVs
  fullSamples 1000
  updateBias yes
}
